420.52
157.96
423.71
156.51
433.11
141.26
428.06
248.47
237.21
261.69
187.61
136.92
212.02
380.79
213.09
412.25
404.28
322.04
393.99
370.04
334.31
157.69
225.82
211.33
405.42
243.6
251.87
229.37
175.1
394.94
260.8
309.93
303.34
205.66
212.17
224.15
336.06
149.71
373.59
338.59
162.83
231.15
239.08
318.01
152.09
166.68
404.94
188.07
323.44
259.44
385.9
361.9
184.68
397.29
354.72
355.07
396.84
286.61
155.05
403.56
139.13
223.05
246.05
194.42
403.55
333.75
275.59
390.11
416.52
399.64
255.46
340.45
135.43
419.18
219.89
385.61
152.5
331.6
312.25
212.95
232.5
209.92
216.47
155.15
336.2
402.52
206.38
249.45
195.04
250.55
229.85
260.57
380.71
185.26
314.93
328.14
354.97
257.21
324.96
321.01
828.64
1489.74
797.82
1701.77
1213.88
613.47
1200.03
1472.53
747.75
1390.52
773.17
1518.45
1480.5
1586.24
1550.2
1471.14
868.01
770.31
1302.03
776.11
1703.8
1633.08
794.84
1157.68
796.21
1633.37
799.82
741.81
627.55
872.66
1491.19
942.73
1081.71
913.53
1409.09
801.41
1179.02
1435.56
1450.21
896.26
699.04
886.81
1085.62
876.44
896.99
1382.97
1602.25
1447.99
938.12
1483.77
914.36
1507.09
991.69
1506.45
1309.62
815.72
1206.02
1169.7
849.05
761.92
1346.33
593.78
1138.74
839.1
1488.24
1385.04
767.04
735.46
1672.65
548.92
786.79
957.57
805.57
1184.95
1226.36
1348.19
1520.06
730.81
685.45
710.48
1534.18
1212.85
889.67
1706.2
985.74
1158.76
787.85
940.58
831.44
1437.85
1553.84
1324.3
901.0
573.37
523.29
1113.32
973.41
738.18
744.05
877.83
1927.77
1594.18
1484.7
1003.31
1510.79
1995.23
1122.63
984.46
1204.88
1600.44
1538.58
1345.06
1521.4
1054.62
1738.39
1702.11
1565.61
1115.42
1902.1
1517.46
1012.03
1301.97
1881.72
1750.58
1713.12
1432.92
1312.09
1778.1
1084.86
1631.62
698.87
1508.87
1135.15
1631.56
1075.01
1790.33
1165.43
1616.04
1582.66
1595.94
1070.23
1516.83
786.58
1578.42
1716.01
1839.55
2009.74
1826.9
1583.03
1807.81
1271.56
1226.58
1944.33
1593.7
1843.86
1051.5
1518.26
916.41
1463.34
1264.45
1529.74
1683.72
1860.38
1281.82
1508.36
1747.42
1683.56
1228.52
1349.64
1875.13
1573.79
1800.02
1463.27
1186.7
980.54
890.32
1861.38
1404.79
1548.2
958.47
1974.43
1124.24
1504.65
1975.03
1407.42
1911.42
1814.92
1058.04
1649.71
1193.91
1956.88
1825.82
2032.61
1927.71
1120.9
1483.09
901.91
1874.7
1578.0
1658.15
1436.22
1038.87
1347.68
843.89
1404.75
861.86
995.16
1418.81
1384.19
1513.01
1017.48
1244.8
1060.19
1223.86
1232.96
909.53
1039.96
657.64
1143.71
1092.89
1540.85
899.44
755.54
1420.98
1526.07
1136.53
1224.66
1531.71
1196.69
954.43
621.0
656.41
654.88
1987.4
1274.22
824.57
726.6
651.23
957.0
1055.61
754.5
906.07
1204.57
1343.62
982.86
1083.23
1264.9
637.67
1006.89
1146.85
1718.54
1013.79
645.73
1147.64
642.41
758.37
1341.06
1360.75
623.71
731.47
742.94
1112.97
1905.4
1314.87
621.41
1617.81
1396.7
899.15
771.22
1170.94
1039.32
1119.45
1363.16
1297.71
1280.15
1162.59
1401.84
639.43
759.09
1224.57
786.67
976.51
1348.14
627.85
1147.78
689.31
1972.82
555.78
879.19
1387.36
655.18
974.51
682.11
1401.78
1646.75
1127.5
1380.65
789.8
1124.95
1578.0
964.96
771.82
854.32
1125.02
760.63
471.96
925.98
930.85
618.54
1129.08
640.26
1107.15
784.86
1003.29
734.64
617.11
1186.37
518.29
1354.73
516.68
1091.85
454.68
858.11
917.98
720.78
794.39
1272.8
774.87
537.59
1302.87
537.89
766.6
950.42
1034.28
636.45
1432.2
929.87
839.8
795.74
1020.33
1051.26
861.13
560.46
679.98
575.71
1080.58
620.78
854.2
1136.56
719.51
286.79
290.47
310.39
719.27
1141.55
553.42
869.03
784.89
475.23
887.56
800.65
766.65
894.67
750.26
1170.83
540.92
835.62
1121.93
1157.89
331.7
776.59
861.65
1161.45
1083.57
711.8
780.59
1121.36
1082.01
799.15
370.96
573.16
695.95
297.3
317.6
728.33
637.89
1151.18
907.51
769.27
1079.81
628.47
615.65
347.19
767.57
297.59
310.41
1132.44
784.03
766.39
782.13
1059.55
911.91
650.47
298.11
1059.7
282.12
776.54
605.47
925.86
635.1
897.61
778.29
630.68
465.78
302.18
796.09
754.58
1163.47
943.45
467.72
988.36
773.97
1168.97
444.18
667.7
532.66
651.28
800.75
797.38
361.16
640.01
997.5
788.56
648.27
294.72
885.61
1007.74
313.04
1062.98
630.44
966.03
1033.22
790.11
301.32
530.51
368.04
1169.97
1054.9
353.05
776.63
1495.1
1255.83
1360.76
1416.3
1210.3
526.25
690.39
763.16
1075.28
1448.14
758.1
1396.11
879.33
669.16
1477.78
729.65
749.66
620.48
900.98
1382.0
641.21
626.87
815.66
1501.81
1309.01
736.59
1484.83
690.33
1295.84
646.15
668.9
1142.1
612.74
616.28
770.51
1498.74
1325.16
906.58
1158.63
1276.23
1501.61
855.8
1056.86
1495.53
774.89
1460.68
1345.7
1290.29
793.2
1151.01
1475.22
736.82
1535.58
1378.03
627.21
1408.45
786.83
617.72
770.79
1481.31
842.11
986.33
1163.45
1529.28
1456.67
767.43
1118.2
1195.38
1409.51
661.03
1523.23
534.72
1353.58
546.16
848.7
1261.7
1323.16
734.4
1453.71
1045.14
767.85
669.47
738.48
1488.32
842.13
672.26
1508.48
1404.73
812.27
1508.59
572.61
930.65
686.27
939.76
912.06
1176.83
641.33
1296.76
1403.34
781.27
1803.02
2033.28
1996.87
1895.58
1845.58
2034.75
2011.86
2002.34
2055.53
1960.89
2010.27
1960.99
1731.73
1960.95
1883.77
1952.96
1799.05
2009.88
1869.72
1932.91
1836.92
1759.18
2056.96
1940.68
2025.55
1876.34
1923.05
2064.04
1689.72
2061.68
1816.9
1842.22
1981.53
1981.2
2075.16
1791.83
1804.99
1959.42
1996.51
1784.14
1802.05
1980.59
1978.97
1774.6
1786.73
1964.79
1830.37
1780.07
2144.02
2063.35
1859.93
1979.29
1914.44
1978.64
2023.78
1871.24
1999.07
2116.08
1905.66
1898.98
1876.36
1845.23
1843.63
1976.42
1972.94
1884.03
1946.69
1858.68
2048.16
1763.75
2123.82
1998.09
1874.18
1960.29
1881.93
2048.27
1824.08
2078.25
1943.38
1878.59
1941.64
1834.11
1752.34
1939.13
1960.23
1821.65
1954.74
1775.71
1884.79
2043.53
1811.39
2010.82
2076.66
1815.37
1962.14
1795.18
1970.49
2084.71
1801.46
1934.95
1347.54
1201.17
925.95
1819.63
1471.58
831.86
1252.59
1346.08
564.18
1175.44
2130.25
1528.51
1793.21
1731.24
1538.91
1933.3
1672.64
1792.58
1746.36
1357.89
1370.77
2117.08
1746.12
1815.56
1416.02
1421.93
1619.17
830.36
1893.06
1478.41
1705.53
1567.69
1803.44
1094.99
1423.11
1997.39
649.1
1842.16
1699.22
460.67
1958.53
1984.34
1150.97
674.77
1337.23
1686.43
1879.87
726.02
1645.72
1448.21
1501.23
1442.42
1187.27
2073.81
1584.19
960.41
1472.62
1895.32
1194.65
1867.5
1267.47
1116.98
784.5
187.05
1287.8
1202.95
1201.8
1971.23
1355.13
844.65
1487.08
1399.95
1379.88
544.2
1529.39
1588.74
1440.31
1656.88
711.98
1636.64
1267.45
969.26
1462.27
1831.92
605.08
1505.69
1490.2
1713.64
971.98
1749.0
2154.71
908.83
1221.97
1347.88
1448.3
1661.98
1777.95
1301.2
1011.0
1186.69
1357.54
1811.51
1572.28
1786.06
1854.81
1835.38
1826.19
1819.17
1348.34
1658.25
1345.26
1157.64
1181.59
1444.47
1405.38
1262.53
1433.97
1434.08
1355.8
1619.66
948.82
1524.46
1788.0
1213.21
1241.1
2083.86
1193.54
1626.37
1551.02
1850.75
593.76
1442.87
1350.76
1137.29
657.23
1428.23
1124.91
1179.77
1739.82
1278.84
873.37
1340.2
833.49
1768.38
1061.26
1948.49
1904.53
1105.73
826.69
1739.26
1633.32
1567.58
1938.22
2087.28
1456.5
752.54
1641.51
749.77
1220.44
1797.12
1856.39
805.06
690.95
1303.67
1614.49
1082.86
791.64
1671.32
1486.96
2007.47
1832.2
1859.2
989.35
1797.12
1120.55
1415.32
1644.4
1933.27
1651.57
1667.95
903.03
1826.11
1866.93
1586.48
1607.19
1385.38
519.79
1013.86
765.63
1416.01
1935.96
1916.65
1309.97
1490.64
1187.5
1510.33
1656.04
1769.44
1324.05
1608.12
1458.43
1370.87
1889.79
1549.93
1085.45
1604.33
1356.91
1523.41
1616.48
1938.65
1484.98
1505.33
1688.86
1517.71
1613.87
2143.18
1879.35
2086.51
1536.94
926.12
1168.09
2080.45
1972.86
1966.68
1342.04
1637.98
845.87
469.07
1407.68
1518.79
1142.03
1035.38
1172.95
1886.63
1915.5
1578.25
1744.13
1931.75
2016.62
1741.36
1515.75
1644.98
1789.36
1486.02
1982.35
1480.41
1292.63
1855.34
1746.85
1823.07
567.32
723.25
1865.52
1567.06
1730.12
2014.4
1606.12
1952.46
1590.55
1973.71
1268.09
1772.96
798.25
1542.16
1673.16
1675.61
1160.92
1497.27
978.02
1855.34
1590.81
769.41
1575.95
1787.15
806.06
1233.17
1628.44
1891.61
1810.98
1174.6
935.32
940.07
971.89
1464.1
1419.31
801.51
1764.87
1096.39
1074.42
1717.3
1528.97
1049.95
1794.25
1234.18
1086.39
1536.4
652.52
1324.1
1168.78
1685.06
798.56
1302.56
1021.28
1880.54
1442.2
1465.21
1729.54
1712.58
892.97
1889.43
1743.97
1125.85
1204.81
1661.55
1594.94
1179.69
1716.23
1738.17
1673.01
1583.95
1426.48
1733.05
749.86
1353.89
1251.66
1596.39
1197.01
1605.72
1815.55
931.0
1490.76
1257.98
1809.2
1650.75
1320.72
652.55
1156.1
1861.6
1676.87
908.12
1853.32
1342.87
1203.72
1804.94
1500.23
1440.63
553.27
1111.16
1794.41
1676.09
971.21
956.04
1841.27
1137.49
1337.38
1730.76
1560.38
1477.61
833.72
1782.72
1501.89
1753.57
1810.44
1389.59
1523.18
1574.0
1889.61
797.23
1711.54
1695.44
1532.4
1380.27
1789.26
854.09
1614.84
1391.65
1839.36
2002.27
1545.43
1607.68
1431.95
1898.02
1660.16
927.29
1041.95
1304.42
1211.86
1473.38
1779.59
2079.56
1466.67
1269.41
1297.71
1135.0
1511.88
1169.18
1961.5
1751.17
1747.24
1255.52
1629.61
1497.92
285.17
2024.72
1394.71
1619.47
1611.61
1647.78
1857.56
970.79
654.87
1118.43
698.83
1788.45
1737.02
1888.64
517.37
1402.88
1689.09
1523.9
1594.74
1453.69
1175.55
1805.41
1125.92
1547.25
1670.6
1461.42
1932.42
1669.64
733.19
1601.05
632.2
1601.65
1776.11
1784.8
799.22
1443.14
1176.89
965.91
1724.68
887.78
1655.98
1613.49
1665.06
1939.21
1822.95
1491.63
1169.34
1158.42
1697.66
1192.16
1512.95
1343.58
714.96
1156.7
1340.35
1030.26
1829.45
1377.14
1990.78
491.64
1784.44
1469.98
1847.82
1721.65
422.62
804.14
1751.18
645.42
997.9
1505.8
1462.77
1690.22
1342.07
1830.34
1338.63
1686.24
845.22
1478.01
1523.32
1078.08
1455.27
1565.65
1614.94
428.19
1172.51
848.19
1441.43
1565.04
1077.69
1111.13
938.75
1092.26
1106.54
1582.81
1897.51
1904.9
1961.31
1355.77
1934.47
1825.75
1094.74
1234.7
779.23
1034.03
1505.04
1185.26
1796.88
1800.27
1499.37
862.07
1542.24
1240.75
1648.41
1668.63
1897.6
1216.63
1787.17
797.65
1528.81
1265.07
1104.32
1709.24
1366.09
1618.57
1734.48
916.68
1253.74
1566.51
698.86
1618.54
1384.89
889.28
1861.28
1477.15
2104.03
1214.93
563.76
1038.75
1497.6
1872.7
1775.73
1706.66
1347.83
1335.12
1636.18
1622.54
1391.76
1453.63
1877.46
1396.03
1607.38
1403.31
1686.6
1837.02
1821.68
1818.42
1292.73
1043.86
1025.4
1468.72
1574.21
954.02
1880.42
1519.83
825.96
1533.36
1970.72
1475.66
1144.49
1038.32
1491.57
1241.59
790.25
1354.39
973.84
1422.67
1241.34
1246.62
1636.73
968.74
1222.62
1180.36
1134.13
1506.24
1646.86
852.76
1695.25
1217.53
389.3
1351.63
1019.49
1451.54
1008.2
1669.06
1215.59
1394.53
1273.33
1709.5
1173.78
1619.27
1197.98
1623.3
1904.14
2077.6
1666.09
1290.08
640.95
1751.29
1564.3
1489.11
1402.78
1497.17
1890.45
1541.01
1505.99
1470.98
1072.14
2048.24
1820.72
1956.64
1143.6
1369.6
1480.36
1633.34
1429.05
701.93
1792.7
1417.06
1759.62
1416.84
866.97
1737.49
1659.88
1404.62
1897.41
1540.46
1554.53
749.06
1493.65
2118.19
1395.66
1525.81
1953.14
1679.5
1444.15
1874.63
1474.97
1521.27
1524.98
1474.77
1596.25
2111.51
947.3
793.67
1850.94
1488.59
1263.06
477.52
1388.99
807.81
983.98
1831.91
1007.44
1516.23
1711.64
1773.74
1407.18
1819.98
1361.38
1161.18
1331.37
1876.25
1554.46
1672.61
1611.92
1372.69
971.58
1519.56
1492.57
1234.84
1472.41
1685.58
1539.42
1188.18
1666.77
1481.84
1628.07
1712.31
947.43
1918.03
1469.2
1833.23
1053.1
2037.7
1522.76
1955.11
1331.37
1060.84
1907.66
1765.03
1519.39
996.54
1314.37
1873.08
1516.72
1594.9
1353.51
399.8
1621.51
942.6
1034.32
1267.56
2163.39
1297.29
1423.09
1703.45
1004.51
659.43
1287.32
1506.81
1411.89
1555.24
1012.05
1087.7
1414.89
1410.15
1463.26
1445.03
1890.63
1505.38
1208.76
891.78
1463.42
1749.8
1479.38
1433.44
1510.05
783.49
1469.62
1012.64
808.12
1341.25
1533.6
1615.75
1860.79
1244.93
1718.46
941.98
1616.79
1878.79
1095.44
1919.5
1215.22
1864.32
700.1
608.6
1483.13
1064.48
1778.06
1306.05
1814.11
1567.32
1447.41
1651.56
1205.64
853.09
1809.17
1708.12
618.87
1210.01
826.73
1145.45
885.64
1476.09
1430.95
1544.04
2059.37
647.29
749.76
574.69
1351.63
1107.94
1564.57
1014.81
2132.27
1619.96
290.02
1509.49
1215.41
673.16
1195.84
1458.23
847.77
1752.75
1808.66
1722.69
827.33
395.93
1498.5
1027.18
1517.07
1501.12
1154.69
1650.73
437.78
672.74
1672.56
1625.39
825.6
971.92
1151.34
1450.55
1473.21
1366.56
1774.2
443.52
1353.1
867.89
1508.98
1624.33
1742.66
1660.52
1485.43
1861.07
1390.39
1893.01
1234.47
1620.22
879.02
1477.16
1276.87
800.33
1560.88
1662.37
1577.35
1701.98
1421.54
1679.6
1459.86
1200.8
1341.26
1205.87
881.9
1732.18
1611.33
1518.1
1371.62
1986.92
1829.54
1812.11
441.59
1195.02
1236.28
1961.76
1559.39
1104.3
1522.15
1017.36
1867.75
1702.72
2128.52
1635.78
1431.64
969.0
1998.28
1713.95
529.07
1270.99
892.44
1348.03
1533.95
1492.97
1504.07
1605.78
1525.36
1885.58
1427.03
1121.15
1454.04
1494.6
776.03
1528.86
1518.51
995.11
631.92
890.97
1395.34
1078.01
1541.02
1019.22
1712.07
1716.29
743.76
1532.96
1472.77
1362.0
1247.18
1322.1
1736.17
1511.03
1818.59
2098.93
1881.29
1748.74
1335.29
1027.8
1481.49
1484.67
1726.67
1714.18
654.56
1848.61
1870.71
1849.32
1719.34
1318.23
1388.09
1185.26
1260.97
1749.6
697.56
374.71
932.08
573.53
1325.44
1038.96
899.66
685.45
935.37
1507.99
1386.8
666.23
1087.57
1901.64
893.53
1758.84
1874.46
1513.64
1666.34
473.15
1460.55
1501.13
994.98
1258.51
1209.24
1128.52
1893.5
1421.08
1509.35
740.06
2029.74
1173.78
1935.74
1127.85
1375.48
1317.83
1619.69
715.86
1440.47
384.35
1451.62
1717.28
1866.37
404.84
1749.79
751.65
1016.42
932.45
1211.16
1681.52
1415.04
1539.71
1508.21
894.29
754.03
1183.88
1902.14
1796.92
1161.74
2060.97
1842.69
1642.02
913.46
1565.22
1452.63
766.28
1602.29
1188.54
1538.07
1316.23
1388.36
1676.03
1468.18
1388.75
1655.32
1745.64
1628.77
1472.97
1253.35
1515.84
1826.15
1125.98
1684.86
1200.81
934.49
1694.41
1644.79
1897.44
931.49
1222.2
1132.55
1068.39
1807.16
1215.92
1924.82
635.75
1355.19
1437.44
1299.32
1524.04
1752.06
1904.25
1533.17
1167.83
1280.02
1706.79
2101.8
478.65
1986.4
779.27
931.89
1745.11
1022.82
1441.09
620.83
1850.72
1523.74
1913.64
1877.47
1251.75
1659.86
1513.12
1878.31
1654.07
1477.69
930.5
847.83
1578.93
868.73
1685.08
1364.02
1364.93
2106.67
1622.79
1619.61
1584.48
1180.27
1783.93
1720.15
1893.06
612.22
1066.32
1086.33
1437.34
1811.28
1677.87
1495.37
1756.46
1643.59
1472.8
1668.19
1744.14
1516.69
1902.25
1015.68
1305.87
1000.3
1667.05
1732.89
1738.05
650.81
1323.99
852.67
1269.89
1228.38
1222.74
520.75
1424.29
1395.03
1653.35
1195.54
756.35
1093.79
1549.08
633.73
656.12
1637.74
1738.21
1291.25
1738.44
1578.33
1714.85
1667.61
1588.24
1626.66
1368.9
1730.91
1621.44
1252.09
757.08
1176.5
1089.33
1505.07
594.86
1529.31
1878.03
1702.79
1369.17
1465.84
982.55
1748.96
2093.45
1488.05
1156.79
1834.96
1193.01
1375.08
1526.55
1585.13
983.95
1207.78
1847.6
1783.71
1910.98
1455.48
1611.01
1655.61
1621.68
1898.97
1712.76
1524.39
1714.59
1347.67
1820.05
1442.82
1626.5
1350.31
1504.5
1457.82
1454.31
883.09
663.67
1664.52
1617.95
1230.37
1078.08
1150.37
1479.38
1219.8
616.52
748.56
1568.72
1711.22
1471.66
1483.45
1980.31
1886.71
1963.03
1196.48
1512.94
1018.45
1160.68
965.07
1783.25
664.46
1586.87
1109.52
1706.64
1851.91
1406.97
1608.28
1017.2
1490.27
1751.59
496.4
1404.95
1222.86
1428.89
1376.24
1562.25
755.47
1400.23
1459.12
238.14
849.48
1891.34
1567.53
949.71
1185.05
1737.76
609.97
723.43
1920.68
1693.32
1667.37
1839.43
1953.95
1282.11
1499.31
1278.16
1782.52
1651.84
1596.83
1522.43
2017.53
610.81
1741.91
1260.22
1445.12
1513.14
831.26
1239.57
1575.56
1494.96
846.99
1407.23
1891.89
1429.12
966.23
1488.36
1364.52
1578.82
1892.03
1894.29
594.92
290.94
814.98
1519.38
1769.14
1851.56
1586.69
1554.69
1813.52
1694.28
1733.54
630.07
1787.75
1812.92
1573.45
1747.18
1908.77
1454.28
1861.22
1434.39
1275.12
1474.43
902.59
1600.77
1526.16
1736.42
1262.53
1420.23
288.8
1824.52
1410.77
1413.89
601.52
920.31
1839.99
1564.11
1743.1
1016.56
1828.6
1407.08
852.54
1773.06
1268.25
941.15
754.74
1245.2
1898.14
1978.33
1419.44
620.79
1212.21
1157.45
1010.18
1703.03
1256.83
1387.48
1338.68
1510.25
1462.62
1825.08
823.3
1317.56
1780.53
1674.74
420.98
1960.66
1459.61
2095.58
1770.23
824.08
1183.46
630.82
1664.03
1661.6
809.63
1142.3
1741.81
586.29
1049.53
907.44
1666.97
1522.46
2147.15
926.94
1234.99
1178.15
1565.16
1903.35
672.95
1824.96
1317.59
1490.08
731.96
1699.15
1523.41
1919.12
1813.67
716.46
1623.54
1179.31
1878.17
1360.0
1644.83
1664.78
798.17
1178.98
1108.78
952.04
1491.22
1502.11
1669.73
1465.26
1358.45
1549.66
1207.88
1425.02
1390.06
2005.5
1002.63
1821.98
1604.34
1658.66
1502.21
1093.63
1463.51
1878.83
1642.7
876.83
1507.65
1492.27
2053.24
1661.91
1789.53
1761.2
1428.38
1464.36
1627.7
1830.51
1141.81
1536.91
841.66
1731.8
1806.25
520.45
1620.06
1854.92
1881.9
1488.2
1438.86
820.03
1152.05
1823.65
1179.84
1672.75
1206.8
766.05
1521.89
1564.57
1360.08
1760.1
1221.66
411.14
848.78
1726.73
2033.15
1797.88
1596.35
2012.18
1333.34
1531.36
1642.98
1593.16
1350.7
1499.07
1433.86
1653.19
1093.11
1475.01
1570.01
1177.85
1064.57
684.59
1809.1
1266.88
1488.58
906.98
1168.58
1482.1
1599.22
1138.55
1329.03
1785.4
767.97
1883.87
985.07
813.59
1726.29
1040.28
1663.34
1902.03
1068.49
1804.18
1838.03
1904.28
776.93
372.37
956.51
1543.68
1754.54
642.15
1807.97
1819.96
1318.59
1619.67
836.67
674.03
1707.99
800.14
171.01
1310.82
1712.19
1619.56
1626.74
1893.28
1707.07
1997.62
1664.55
1441.2
1236.78
1660.07
954.16
1472.78
1481.91
1813.72
1197.6
1649.29
1189.39
1513.26
1535.0
1390.46
1425.99
993.02
1846.82
999.34
1742.04
2084.17
780.15
1823.74
178.91
1972.25
1302.47
1686.98
1717.78
1061.96
1825.24
1976.57
1675.48
1590.76
611.76
1511.23
1722.65
1437.55
1460.6
1780.15
964.21
1905.89
1562.53
1263.87
291.52
1887.36
407.9
287.48
1268.08
896.17
1831.82
1802.07
1528.45
1839.45
1582.87
1477.37
1568.11
1085.35
818.46
1736.73
1265.22
1599.43
1359.62
1439.56
1645.38
1653.74
1469.0
692.85
1491.86
1437.66
1876.27
1001.9
664.98
1193.7
1190.89
1346.98
1046.47
1600.02
1536.72
1761.29
787.08
1708.35
778.38
1965.26
1903.3
1456.83
1161.88
1510.14
875.69
1880.93
1291.33
839.89
1622.55
1044.54
874.95
466.65
948.87
554.81
1859.8
1871.46
1674.73
1255.36
1193.92
435.91
1541.63
1746.46
1191.13
414.61
1626.12
1638.86
583.54
1337.72
739.77
998.71
1167.51
1995.06
953.17
315.6
1260.97
1969.43
1470.75
1850.59
1888.44
1202.42
1635.18
1873.78
1278.62
949.66
1050.89
1732.11
1345.65
1587.98
976.17
1484.78
2093.54
1600.53
1177.35
1902.29
1898.46
1375.3
1701.49
1512.88
959.31
1891.34
1331.9
1233.08
1516.01
1764.03
1475.84
565.86
1509.94
804.74
1091.05
222.52
1673.87
1866.71
1740.99
1196.77
1267.27
1718.84
1902.93
1581.89
1296.59
1464.65
628.66
1810.19
1777.02
1110.56
1794.18
1244.74
1695.02
1880.5
1626.96
658.55
953.09
1512.44
1844.19
1411.0
1138.1
1545.79
1395.24
1192.97
1820.61
1572.77
1833.54
1583.62
957.3
1822.03
1470.03
1676.05
993.24
1560.55
1123.49
935.94
1491.87
1642.78
1541.62
1468.42
1891.66
1194.71
779.72
962.49
1783.2
1634.6
1669.98
1379.55
1270.07
1305.19
740.61
1961.89
1144.07
1920.17
1013.13
1661.68
635.68
1390.92
1196.86
1098.38
397.96
1672.89
1704.65
559.3
1160.5
2003.2
1813.13
1154.69
1859.94
1405.58
1588.06
1562.35
1493.91
2102.58
943.04
718.27
1926.26
1653.37
1507.67
1844.37
2138.79
1504.0
1659.83
1608.25
1385.61
1215.04
1226.38
1304.0
1579.73
1495.68
1935.68
1524.34
1547.37
1639.93
1663.25
1290.85
1821.99
1034.31
1389.14
1394.01
1591.39
2070.2
610.82
1039.31
1395.08
1972.81
1791.7
1165.96
1941.09
1635.76
1676.0
1773.63
950.63
882.6
1820.26
336.9
1868.45
1889.99
1972.01
1710.92
1384.31
1509.99
1489.05
1845.57
273.71
1604.72
1189.47
1200.6
1933.88
1302.91
1215.75
1448.15
1639.55
1645.18
1480.66
1596.14
1381.1
1849.13
920.16
1356.47
1134.52
1206.1
766.64
724.6
957.48
1562.65
629.57
1401.47
828.12
1530.52
1955.87
1853.57
1550.17
1880.09
1508.89
1345.48
1519.29
1868.27
1168.69
604.41
1197.52
1792.13
1606.65
1908.32
1907.38
663.08
404.25
1769.72
1136.29
1780.53
963.83
1848.61
1104.36
1597.11
1185.86
1138.33
1292.24
1436.51
1968.4
1196.65
1999.84
1496.86
1413.37
1652.04
1631.15
1879.73
1730.93
1582.55
1169.05
2066.98
1122.2
799.86
1540.62
1230.35
1596.42
840.4
1304.7
1223.28
1673.62
1615.91
2003.26
1221.92
1432.02
1527.17
577.61
1695.76
1537.5
1846.49
1855.0
639.75
630.79
1654.38
1865.35
1156.33
1840.46
875.61
1207.18
1358.15
755.69
2114.16
1430.37
1147.82
1741.27
1810.77
1468.87
994.18
836.75
1514.02
1582.63
1811.1
1503.8
1665.93
1599.99
1189.57
1878.05
1621.97
1379.15
1825.16
311.93
1699.55
1356.4
1659.78
626.46
697.1
1944.0
1787.4
1261.54
945.1
1577.57
1887.39
1670.03
1309.55
1604.75
1633.53
1188.29
1617.68
1656.17
1509.17
1182.52
1327.28
951.91
1747.86
1984.74
1471.01
1902.35
2086.35
1814.36
1442.07
1615.16
695.28
879.48
1491.11
769.13
1488.99
1446.04
1940.31
927.65
1746.16
1655.21
1610.13
1557.73
1549.79
1815.74
554.62
905.28
681.53
1296.94
756.3
1867.27
1636.96
2083.36
1632.8
1345.4
1061.03
458.53
927.29
1650.32
1474.58
1653.6
1061.19
976.8
1421.89
1322.18
1562.55
949.99
958.77
1531.52
1522.13
1908.01
877.2
1160.95
571.8
864.02
1670.91
1399.86
1791.19
1528.24
1635.38
1511.15
1818.75
1860.99
1148.96
1868.35
1476.54
1569.66
977.18
1513.04
1710.12
390.4
1837.22
1879.67
1082.99
1515.32
1012.59
1741.52
1196.62
1428.51
1496.6
1513.42
684.63
1676.25
1589.89
1627.36
950.43
1007.9
1851.39
736.14
1740.04
1933.35
855.71
1448.66
1928.72
1431.8
761.12
1715.6
1188.98
1278.45
1263.53
1833.79
957.72
1356.79
1940.11
1573.25
1168.92
1640.88
1540.43
1351.8
957.47
1486.32
1167.56
753.33
1306.85
1451.6
389.4
1499.68
518.38
1523.22
1228.73
1744.55
1650.22
1699.43
1435.02
1515.82
411.1
941.72
1541.37
1836.8
1185.68
1618.81
1876.77
1610.65
1467.22
1515.84
1179.98
1592.27
439.33
2156.61
1424.03
1015.0
819.59
679.13
1880.37
1402.62
1407.12
1901.58
1825.18
1305.5
1613.42
1548.38
1043.42
1813.81
1635.01
1623.0
1491.8
1501.93
1917.95
1521.38
1701.53
1064.0
872.03
1683.37
1787.28
1432.64
1028.9
2091.78
1408.99
1771.08
1593.25
1558.2
1497.66
1200.73
1555.55
1336.98
1887.46
1231.03
1741.15
1587.14
1551.76
2130.69
1313.33
1400.58
1567.2
1620.65
1454.5
954.44
1032.8
1638.76
1491.43
1827.55
1613.48
1303.58
868.98
1181.71
1126.33
1821.89
1453.0
1269.81
1843.05
1432.69
1702.23
1965.15
1832.68
1594.23
1605.42
1606.33
1198.39
615.13
1613.53
1996.97
1793.66
1855.46
2140.92
1710.04
1764.75
1287.37
1085.27
1304.54
1717.56
1612.45
1618.54
1211.03
1659.2
1578.32
902.85
1839.65
1391.5
1897.66
2139.74
1299.39
919.44
1577.12
1823.65
1573.02
1659.5
944.53
1882.88
1853.53
1850.25
1431.17
1622.53
1954.15
431.57
632.59
1423.78
831.33
1363.76
1149.63
1775.78
1089.25
1208.74
1090.62
1220.54
1724.17
1653.52
1386.17
1200.3
1714.46
1591.85
1516.18
1017.85
1918.54
1471.36
1510.94
1340.33
1471.66
1732.98
1308.37
1165.16
407.19
804.46
1569.31
858.66
1395.5
1488.92
1586.6
2097.95
1833.09
1799.06
1598.71
1685.68
1397.37
1864.65
1363.13
1593.26
1851.24
1982.37
1443.31
1750.63
1558.86
1550.99
1779.12
992.86
1143.38
1995.44
2059.46
1443.31
969.51
1685.23
1950.64
1517.61
1629.91
1551.42
1928.65
1010.62
1602.22
739.12
1264.98
1620.86
711.53
1474.62
1611.88
1938.38
1802.18
1613.86
1209.05
1163.7
1336.26
1949.3
1849.45
1503.45
1750.97
1313.26
961.59
1572.17
1234.77
1579.08
1274.4
1508.13
1831.72
1887.68
1955.98
1525.29
928.84
1856.27
1092.96
1619.6
1328.94
1716.31
1217.98
983.82
1215.1
1666.14
1486.06
1543.06
1093.02
1658.83
1629.8
1834.68
1938.61
1683.05
407.92
1398.18
1164.19
1396.66
2124.58
820.24
1605.46
1790.7
1166.32
1319.58
1823.47
1763.55
1523.3
1628.44
669.83
815.0
1181.45
1544.32
1372.07
1653.96
1604.61
1447.31
1437.3
1564.33
890.05
1618.54
1814.78
1879.65
1862.97
1820.17
1515.56
890.84
901.72
1548.36
929.18
1406.01
1481.26
1583.49
954.95
1645.1
1905.79
949.15
1770.57
1063.96
921.35
1729.53
1291.54
1800.76
1866.26
1586.32
909.37
1453.99
956.75
1371.96
1555.2
1067.92
1708.86
1535.61
987.43
884.52
1446.33
1008.19
1845.69
1307.8
1278.42
1705.04
1394.8
825.1
1202.91
1507.74
927.45
641.51
547.07
401.24
1340.11
1789.3
672.73
1597.94
1532.73
1684.43
1538.12
1737.55
1918.1
877.23
1450.97
2124.93
1555.18
1612.52
1358.09
1258.52
1682.51
1324.72
1202.18
1068.59
1617.55
1697.42
1512.54
1215.19
1616.6
767.31
1045.83
961.04
1662.72
1038.55
1420.51
845.63
926.09
1423.11
980.45
856.93
356.73
1790.92
963.72
835.31
1854.77
766.3
1989.73
1387.83
1626.55
1836.39
1418.21
826.93
1790.89
1918.27
1779.83
671.66
981.41
923.56
1600.9
633.52
1513.84
1718.29
1493.55
1866.35
1061.91
1107.28
1706.17
1541.8
1947.47
1964.29
1481.56
1673.57
1684.66
675.47
1602.33
996.42
1754.96
926.92
300.84
913.8
1053.28
1725.13
1807.56
1000.05
1472.17
1305.73
875.17
1432.75
1627.25
1345.05
1621.8
1943.06
760.55
1618.62
818.96
1845.72
1204.75
1222.45
964.68
1981.17
1388.47
1299.92
1967.63
1578.29
1230.08
1864.82
1521.97
1409.69
1939.9
1708.22
1207.19
1509.85
1355.65
1658.54
1273.07
1709.85
1207.75
1613.67
1619.97
1706.6
1835.07
2145.97
2010.36
762.57
1463.93
1928.92
1556.8
709.22
734.76
1098.57
1993.83
1336.06
1444.46
1778.36
894.61
1612.05
1530.2
1734.63
619.74
959.18
1731.65
1709.53
917.16
1169.76
1899.47
1781.89
1658.98
1694.71
1201.9
626.14
1897.14
1441.45
1242.61
2152.06
1480.19
1768.89
1183.4
1628.6
1733.14
1876.93
1783.18
925.76
1565.57
1312.98
1504.97
1869.84
1445.35
1729.97
1340.33
1806.27
790.48
743.96
1236.86
1434.31
1787.99
1189.94
1885.21
1288.41
1469.76
1548.14
1369.89
1483.09
1190.86
1898.37
1888.18
1270.78
857.6
1128.5
1441.01
2041.55
865.47
1772.34
1279.77
2104.16
1417.98
1907.99
671.62
1611.42
1386.94
1126.87
1544.71
1207.64
984.83
1600.52
1209.89
1741.23
1524.1
1337.16
1647.09
1449.92
1527.31
1299.82
2134.97
1499.3
1358.03
1137.24
1218.06
1884.31
1619.38
1556.53
789.33
1433.62
1830.83
1589.93
1815.6
1989.57
847.46
1563.13
1712.62
1587.08
957.07
1958.09
649.23
1531.68
1629.04
1505.55
1235.87
833.07
1112.31
1774.42
1095.94
1590.2
1742.27
1485.38
1728.58
1287.76
1942.86
1623.24
1623.79
1758.19
419.24
1313.08
1123.05
1726.39
1816.31
536.23
1123.62
1346.07
1711.06
1878.4
1320.11
1837.73
1829.19
1012.5
1578.27
1901.15
1500.47
1545.44
1498.86
1165.79
1974.71
1448.35
1299.61
1388.01
1803.32
1332.31
691.95
1361.68
1926.27
888.85
1428.69
1611.01
1378.15
1494.92
952.65
745.94
1723.06
1677.06
1155.79
1175.03
1894.24
1517.82
1877.82
631.03
1553.51
795.64
1306.91
1368.46
876.18
907.28
1442.5
768.85
1835.24
1347.52
1271.76
1861.85
1349.7
1483.69
1593.79
1302.19
1239.07
1304.2
1452.43
1659.98
918.02
811.06
942.09
588.92
2036.5
1715.52
1349.12
1144.31
477.38
1216.3
1367.87
1398.68
1250.66
2149.67
1223.09
1392.98
1548.06
1824.25
1768.46
1662.25
1719.05
1439.52
1739.3
1908.27
1484.13
1623.91
1526.09
758.67
1698.42
1274.31
1122.11
1856.6
1954.24
1813.54
1164.41
1642.7
858.16
886.16
1818.15
1159.57
1673.2
431.37
1419.19
1737.76
896.99
1635.18
1699.65
1891.66
284.8
1328.64
1962.2
1902.07
724.12
1344.49
1604.61
1839.4
1744.38
1952.72
1363.98
1518.68
793.2
1515.55
1076.94
772.4
1412.38
244.34
1886.02
670.18
714.19
1567.78
1329.3
2107.76
1234.38
1904.0
1902.2
928.47
1854.38
1444.17
2047.42
744.37
733.29
1631.77
1644.29
1626.02
645.49
1729.98
2158.57
1163.69
1198.87
719.27
1736.38
1763.15
1608.52
2007.46
1628.76
1534.33
560.09
1111.23
1734.42
1949.84
1645.51
1848.19
790.94
1631.62
1370.54
1972.79
1340.68
1370.2
1617.26
1607.27
759.86
1854.55
1334.16
1516.52
1814.21
1357.85
1239.56
1492.5
1880.28
826.95
913.0
1914.56
1729.86
482.34
1562.32
1517.45
1505.19
1809.61
1816.88
1412.01
924.94
1615.12
1515.75
1581.86
785.12
1457.3
950.17
1486.34
1344.57
1492.4
1835.41
1656.82
944.46
1614.02
1525.17
1176.01
1360.44
1827.51
1782.78
1626.71
1755.6
1316.58
1890.48
1607.47
1848.43
1880.65
1303.19
1316.44
1508.17
1261.76
1681.54
1738.27
1837.28
1538.93
1644.6
2047.47
603.62
1278.48
691.58
1727.0
1479.16
1657.82
1401.28
690.33
1383.18
1367.07
1452.91
1179.11
1834.54
1896.85
1303.91
1977.78
680.05
1531.74
945.2
1609.36
1219.06
1244.96
1638.19
1372.14
1142.87
648.57
1443.86
1433.98
1475.15
1784.19
1688.33
1449.3
1754.99
1763.36
1496.2
1522.35
1325.66
1246.08
1433.5
1974.77
935.24
965.78
1864.62
761.01
1792.38
1549.27
1505.07
1368.4
1725.04
1446.61
1853.92
1835.9
909.09
1744.35
1192.46
726.43
1299.53
907.12
1789.57
1874.77
1525.12
1471.79
1644.56
286.24
1626.21
1166.53
1087.51
1730.04
1056.02
780.96
1765.92
947.88
1361.64
1635.53
838.35
1502.45
668.1
732.13
1448.77
1830.52
1158.09
1629.49
1547.92
1147.6
1909.98
1651.37
1636.57
1589.8
1429.19
1451.65
714.51
1716.3
1868.59
764.2
717.44
951.77
1672.59
1809.07
1179.43
1944.89
1280.78
1188.11
1933.53
1223.65
1891.56
835.08
1377.7
1564.35
1000.24
1886.52
1330.92
1202.95
1784.42
1291.59
977.68
1803.25
1971.85
1576.09
1682.97
1209.45
1254.4
1368.42
1593.47
1330.65
1882.29
1579.92
1297.1
1217.96
801.68
1785.71
1628.22
1260.73
1397.91
1865.41
2128.53
736.44
1778.81
1679.78
876.95
292.36
1437.48
1318.61
1338.67
1104.41
876.9
1637.24
1725.11
1467.04
1743.68
1621.83
1452.04
999.29
1559.21
1018.37
1201.71
1348.11
1110.25
1115.62
707.46
950.63
1830.58
2008.37
1737.45
1942.52
1212.86
1626.79
1659.97
1050.04
1337.1
1974.71
1162.25
1661.78
1687.93
2086.26
1561.67
1368.23
1486.27
1941.75
961.51
848.15
1394.58
1563.84
981.69
989.37
1203.15
1253.41
1830.46
1436.96
1350.46
1825.73
1644.89
1619.42
309.15
379.43
1977.1
1613.12
1012.67
1836.74
829.02
1012.24
726.2
1644.26
1214.16
1937.04
898.33
1494.98
1419.83
676.19
1865.83
1155.42
658.14
1284.93
1730.51
1661.92
1275.98
1880.96
1509.91
682.01
1850.79
2033.21
1431.72
2116.65
1253.38
2147.73
1146.06
1780.71
970.27
1439.0
895.55
1189.39
1233.47
1433.56
1385.95
1458.75
725.09
765.72
1497.84
1169.61
1939.56
1885.87
1613.73
729.23
1304.3
1103.7
907.2
1596.54
820.39
1456.4
1337.86
1423.07
1419.2
1672.67
971.02
1039.19
1848.73
1356.94
1916.3
864.96
933.9
1866.83
989.42
1314.45
1628.61
1489.29
1264.81
219.9
1863.2
1321.46
1963.44
1222.59
1551.27
1299.0
1896.57
1727.83
1697.06
1622.18
1699.08
772.07
1854.03
1497.51
1500.96
1725.46
1824.2
1447.8
1339.17
1850.9
1730.58
1188.25
1717.37
1340.06
959.91
824.25
1391.74
1927.36
1127.7
940.66
1672.18
809.69
1565.44
1281.74
1192.33
1557.73
1512.31
1594.44
1037.61
1725.64
1086.7
1155.11
1046.46
1538.37
1526.55
1459.86
974.78
1391.1
852.15
1805.92
1281.89
1627.62
1114.18
2130.72
1863.4
1256.77
1865.21
1227.02
1728.3
1497.25
1239.34
1380.64
1561.23
1343.43
708.5
1624.93
1430.0
983.86
1964.58
1285.06
1809.98
1132.59
1455.24
1049.82
1884.57
1508.51
1879.56
1573.81
1554.73
1772.17
879.32
1652.83
830.68
1430.1
1062.0
1250.4
1201.54
1947.37
1733.37
1552.85
1197.59
955.68
1531.45
2049.0
1787.11
680.58
1222.3
1175.21
1560.48
1500.69
1393.26
1572.11
1475.54
226.99
1523.43
1755.01
1469.87
1661.54
1107.62
1858.48
1782.21
1023.42
600.31
2164.37
1177.36
1664.91
1664.21
1443.05
1935.6
1221.09
1714.81
1789.71
553.2
1295.49
272.01
1772.35
910.82
940.01
1794.6
1955.17
883.38
1499.07
1583.42
1917.59
1805.76
299.6
1623.04
1147.98
1858.44
1225.53
2039.73
1924.26
2056.97
1463.72
1640.19
1213.61
1495.34
680.96
1646.76
1515.63
961.33
1114.19
1695.62
1421.28
1757.22
275.9
1711.23
1656.87
957.83
1121.9
849.03
1498.6
1183.49
1211.51
1244.25
1111.13
1537.58
1532.26
1089.14
1320.02
1567.3
1331.06
1564.32
1325.26
1696.64
1877.69
1134.32
1175.01
1092.91
1609.28
845.19
670.32
1286.17
906.09
1797.52
1366.4
873.56
1857.48
1081.49
1907.7
1235.78
1209.11
1346.26
823.13
1296.8
1297.64
1423.12
1861.57
869.39
1322.04
1432.66
1720.4
654.75
1367.36
1410.74
907.42
1899.42
1821.68
989.77
1343.03
1281.96
1639.07
1523.13
1379.25
1120.05
763.62
2002.85
1166.61
2066.76
1092.37
878.25
1915.41
1359.8
1523.59
1165.14
1412.59
1515.44
1271.18
1293.84
826.77
1404.15
1341.6
1349.46
1478.94
795.28
1418.26
1056.04
1347.13
1457.27
1646.66
1901.25
1626.91
1191.81
1902.07
969.05
1637.39
1227.08
1582.84
1185.2
1214.12
1582.07
1614.63
1721.19
737.06
1275.82
2073.58
1776.72
1645.9
1349.23
1878.8
1760.44
2062.98
1598.31
1524.76
1540.53
1794.66
1457.47
1206.05
1399.21
1480.14
1366.31
743.23
1140.26
1803.1
1268.58
1493.14
1882.97
1835.33
1528.65
843.27
1535.58
1858.54
401.97
1474.84
1398.36
1608.33
1653.41
1101.24
1393.7
807.36
618.91
1304.37
1540.29
1930.95
1906.95
1810.31
1345.69
1711.64
1726.61
1910.53
860.63
1760.76
629.59
942.17
1048.75
1491.84
1030.99
1595.94
1240.98
1559.14
1605.22
1667.43
1428.52
1396.97
1662.68
1348.27
1594.16
1889.0
1656.36
930.79
1283.2
1712.72
1244.98
1403.15
928.09
907.06
1558.24
1765.61
988.85
808.63
1181.93
1750.21
1439.82
1345.72
958.3
1846.24
1579.16
1609.92
1633.5
1427.91
1093.56
753.22
1342.93
903.91
940.79
1807.31
1941.19
1261.02
1939.19
940.1
1236.43
992.18
889.55
1111.39
1250.15
1570.84
1465.08
810.58
1528.03
1794.11
1496.17
1269.86
1679.45
1525.79
1983.25
1231.83
944.73
1386.53
1710.68
1299.43
1194.49
1625.15
1184.17
579.22
1739.21
1611.82
862.32
1131.29
1193.82
929.95
1633.31
1541.24
1167.99
1173.97
1644.1
1609.23
1707.95
1844.77
1464.53
1433.52
1712.46
1782.13
1656.16
1910.4
1838.18
1630.9
1671.25
1193.83
1349.13
1232.78
1177.29
1741.42
1344.42
1208.16
1597.81
695.51
1900.93
1206.0
952.32
950.34
1883.49
1528.18
1514.5
1638.27
1381.36
1599.92
842.25
1362.62
940.56
1482.45
1662.21
1033.39
1478.04
1457.68
997.82
1238.03
880.65
1518.08
1801.78
956.59
1245.05
719.15
1490.93
640.55
952.66
793.62
1379.96
1558.97
2043.87
2121.42
1367.43
1960.06
773.85
891.66
1877.82
1558.19
1359.45
1419.47
1512.62
1192.35
1870.9
1529.57
1028.54
2107.56
2063.28
1950.35
1614.77
1574.65
809.79
1535.49
1222.05
1475.95
1490.84
1022.46
587.09
1881.81
1372.91
870.76
1489.44
1633.32
1174.76
1611.86
1885.52
1035.57
736.62
1276.16
1730.03
733.9
721.98
611.53
1730.92
1654.7
1394.84
1859.96
1308.24
1905.79
1599.32
1355.09
1623.39
1913.53
1522.61
1274.62
1580.2
957.54
701.87
1531.42
1596.85
1516.69
1638.83
892.98
1840.39
1806.55
1515.55
1972.85
1553.7
1718.44
1404.63
2144.63
1788.0
1133.16
778.11
826.38
1776.24
1123.87
1677.36
1700.41
1494.02
1123.16
1401.82
1321.51
1482.77
787.85
1206.97
1782.11
780.38
1643.12
1021.78
1636.58
1474.34
1177.63
771.76
1525.87
1396.2
1505.96
1500.06
1244.18
1721.29
1276.85
1436.45
1412.67
1845.52
905.74
1830.46
1683.49
1570.12
600.33
601.87
1823.72
1027.12
817.32
1587.66
930.72
1623.85
1748.6
1505.02
1819.7
1558.84
1568.77
1930.06
1865.11
1222.28
1363.69
1482.05
1489.09
1128.77
1131.8
1510.6
1303.52
1218.47
1624.03
1635.3
1215.85
1442.89
1744.95
647.05
727.11
1693.38
1440.76
1454.41
1737.05
1624.44
1225.28
1039.72
1651.84
1392.54
999.91
1866.23
1455.44
1829.36
1515.81
1654.99
1174.98
1470.45
1697.76
1709.97
2142.27
986.68
646.72
1277.87
1390.84
935.11
749.25
1775.14
1153.18
1863.59
1219.03
1736.42
1848.65
1637.16
942.85
1494.15
1599.73
1085.09
692.75
616.89
1235.44
1787.46
1679.21
711.11
1295.87
1494.15
1659.75
1554.38
1900.1
1941.92
1844.64
1498.72
1950.7
990.84
1165.02
383.36
1661.72
1495.61
1327.85
1513.93
1583.23
2100.27
1827.36
1734.17
1497.88
1441.77
1475.28
1597.51
1960.02
1889.57
1345.29
806.75
1554.26
1322.46
1266.69
1393.95
1433.86
1909.56
1111.75
1019.64
1221.3
385.4
1573.92
1581.01
1553.82
1500.51
1192.98
1142.01
1312.12
1055.24
610.33
1558.19
919.91
1611.13
1009.37
1892.1
1040.58
1892.38
1838.02
1730.25
1602.84
1823.77
1349.07
1924.25
489.32
1239.12
2161.66
1063.37
1273.87
1514.12
1569.25
365.79
1458.58
1497.88
1340.47
1855.97
1878.56
346.59
1522.53
479.58
1586.25
1420.46
1594.44
1446.68
1748.57
1964.8
518.92
209.12
1399.21
1198.58
1163.7
1226.98
813.45
1740.6
893.17
1793.41
1516.5
842.8
784.37
1257.74
1718.73
1725.09
786.27
1627.06
1528.92
1080.72
496.92
755.9
1524.25
1232.49
1032.12
1468.89
851.58
1634.92
669.74
1266.87
1640.47
1622.49
2053.08
1589.64
1458.98
841.23
1736.65
821.69
1618.91
1174.01
1631.91
1323.42
1190.29
1487.38
1506.32
1565.53
1445.85
1902.84
1788.72
1784.91
877.82
1819.88
1319.9
1510.89
1908.91
1675.23
1676.75
862.86
1301.13
1257.6
1910.99
1468.56
1782.8
1321.95
804.38
1547.99
1650.38
1794.71
1137.02
1023.36
825.19
1523.22
2144.42
1107.94
1793.48
1600.27
1158.85
659.36
1674.7
837.5
1486.12
632.49
1131.0
1152.46
1315.97
1813.25
1953.17
889.27
1669.91
912.39
685.43
1375.11
1198.24
701.78
1549.55
1778.31
1163.61
1501.42
1163.34
1279.36
1462.95
1476.23
1123.7
1240.68
1379.08
429.64
660.33
1604.34
1204.22
1169.08
1098.56
1314.65
977.71
987.55
1772.49
800.69
935.29
1431.17
1561.22
1586.67
1150.81
1558.79
1608.17
1640.71
1445.14
1873.03
1368.86
1647.12
1805.57
1076.72
1721.38
1508.16
1739.6
1417.82
1162.2
1730.85
1386.3
1802.76
1902.69
1896.02
1839.69
1657.89
1209.77
1589.77
1689.8
1234.79
1203.59
1099.64
1600.66
1986.4
1773.64
1958.12
1360.16
921.1
1415.9
1684.03
1588.98
1761.07
641.1
1432.39
431.93
1346.52
1968.42
1556.85
1585.6
967.86
907.64
1650.73
1277.62
1305.56
1493.77
1207.02
1917.46
1622.48
693.6
1214.64
1718.11
1306.05
1301.12
1512.36
1384.75
1081.07
767.79
501.78
1789.85
902.93
1691.88
1844.72
1611.44
1539.57
2046.09
902.55
1333.58
1486.39
1372.64
1289.44
812.5
1794.65
1617.2
1441.95
548.17
1188.27
1570.38
1539.2
952.33
1915.54
883.88
785.14
1413.34
1272.95
1826.43
1431.85
1024.48
1839.76
2053.75
1717.48
1396.75
1133.31
637.39
1539.46
1428.36
1701.59
450.43
1725.23
1685.22
1702.36
1568.9
1787.53
917.29
764.48
1762.11
1673.77
1640.49
1431.73
1217.66
1355.26
1059.98
925.11
1930.51
1085.39
1360.96
1450.88
1005.18
1162.56
1540.18
1913.01
1282.05
481.35
1475.75
1097.99
1599.89
1523.62
1264.6
1721.42
1512.88
1559.47
1906.5
1546.69
1003.69
1426.54
2136.27
1230.27
1561.94
1489.85
1132.36
1266.47
1493.53
983.46
1544.76
801.13
1468.55
980.18
1193.41
1462.71
726.1
1416.1
1944.39
925.23
2146.39
931.46
1133.82
953.37
1642.12
1845.33
1306.49
1506.95
1204.79
921.29
784.46
1806.99
1229.04
1878.55
1690.11
1705.04
978.32
1451.19
1328.34
1760.76
1157.1
1364.74
1662.01
755.42
1844.18
1845.46
1853.56
1819.58
1800.03
1050.25
1681.04
287.23
1356.89
1171.9
1394.36
835.57
2098.87
1322.61
1336.63
919.7
1970.48
915.52
163.9
836.93
958.2
1889.31
1976.65
1780.97
1636.59
1910.31
1281.47
1567.23
1065.61
1200.11
1489.05
914.2
904.35
1705.38
1183.82
743.02
1407.51
1701.43
1351.02
1670.23
1821.17
1127.96
1938.37
1620.86
1493.93
1681.57
1443.91
1110.94
825.57
1036.69
614.63
1616.55
1633.17
1662.23
1477.49
1245.45
1325.95
1304.17
643.57
1776.11
1649.57
1482.57
1860.58
1530.68
1296.66
2056.36
825.32
1262.65
781.76
1591.07
1405.33
944.13
1281.12
1792.65
1766.74
1618.21
1300.35
775.82
2015.15
926.37
1436.65
1503.02
1273.67
1490.68
1320.47
1432.81
1176.85
960.05
1916.88
1589.98
716.35
1836.37
1359.2
1647.42
609.93
1762.0
1439.67
519.37
1195.63
1434.8
304.59
1325.11
1206.26
1363.21
1682.93
1421.79
1198.32
1732.43
2117.29
690.63
1580.6
713.31
1609.82
1437.98
1187.25
1907.5
1558.59
1687.3
1469.74
1412.45
1876.69
1097.49
1744.94
1421.46
1362.89
1221.68
1759.14
440.39
1076.35
960.87
950.89
1790.7
797.16
1006.24
1929.75
1501.44
1225.29
391.93
1309.57
1080.04
1044.78
1154.4
855.36
1599.77
1678.5
1941.08
1384.27
1739.39
911.69
1574.89
1467.79
1606.41
1523.5
2095.64
1261.88
1510.5
1388.75
1261.72
1990.72
1864.33
1503.17
975.6
1644.82
906.39
1439.84
878.23
1793.55
1485.01
1177.99
1580.6
1491.57
2063.74
1622.39
226.22
1586.93
1703.69
1350.7
1060.36
1342.87
1560.55
1430.93
959.13
1968.57
1630.07
1579.66
2067.39
1925.74
1599.06
1334.17
1513.18
1590.33
1403.23
387.86
1620.65
1810.63
1207.82
1220.46
1755.98
655.89
596.37
645.27
1821.19
1273.56
